-0.016272837
-0.32859334
-0.19936584
0.035494916
0.44932675
-0.32188395
0.2284473
-0.26302043
0.022408709
-0.37891242
-0.416199
-0.10851321
-0.22347398
-0.13079724
0.48855385
0.020119995
0.26185292
0.13985583
0.32138485
0.30045477
0.3732249
-0.31695464
0.13767545
-0.1542717
-0.15369587
0.41836643
0.024933103
-0.060204405
0.12147539
0.3227986
0.44454533
0.37600198
0.3834995
0.22845708
0.27861953
0.13256535
-0.12705983
-0.1487561
-0.30795
0.36002284
-0.07098669
-0.0027223937
0.5312931
-0.35404423
-0.23813613
0.02655871
-0.20987748
-0.5539403
-0.12709054
-0.20536274
-0.014543901
-0.9762458
-0.6021301
-0.1970917
-0.7261392
-0.42905438
-0.9387265
0.034527443
-0.6567299
-0.90585434
