Weights from [1] layer to [2] layer
-0.015939245	-0.3285724	-0.19909106	
0.03526901	0.44946983	-0.3219618	
0.2273869	-0.26270875	0.021778068	
-0.37895018	-0.41610324	-0.10847396	
-0.2236733	-0.13066797	0.48848355	
0.020379245	0.26188505	0.14007448	
0.31940943	0.3008834	0.37196177	
-0.3181093	0.13804184	-0.15492569	
-0.15388171	0.41849208	0.02486983	
-0.061664864	0.12185596	0.3219185	
0.44386056	0.3761832	0.3830663	
0.22650178	0.27910224	0.13134287	
-0.12671131	-0.14873774	-0.3076643	
0.35873547	-0.07060987	-0.0034947312	
0.5294003	-0.35361895	-0.2393726	
Weights from [2] layer to [3] layer
0.012288336	-0.22461785	-0.56730306	-0.14204578	-0.21918194	-0.028506054	-0.9891487	-0.6172972	-0.21173577	-0.7399465	-0.44168612	-0.9522109	0.019736532	-0.6699191	-0.9188557	
